30
3 7
3 2 3
5 6
1 2 3 4 5
5 10
3 2 1 1 3
11 103
8 5 3 3 9 3 1 1 10 5 2
11 51
3 3 3 10 3 10 3 1 4 9 4
11 69
1 3 4 5 5 7 7 7 8 8 11
11 37
11 4 9 9 6 2 4 6 3 5 6
11 92
11 5 7 4 10 7 5 6 10 8 5
12 13
1 2 3 5 5 6 6 7 7 11 12 12
13 57
2 5 6 7 7 7 7 9 9 11 11 12 13
21 313
2 3 5 5 6 6 7 8 8 9 9 11 12 12 13 13 16 16 19 19 21
23 509
21 11 8 6 5 11 23 16 12 13 9 3 20 20 12 21 7 5 5 15 18 4 11
50 1207
2 2 3 6 7 8 10 11 11 12 12 12 13 13 13 15 16 17 17 21 21 23 23 26 26 26 27 29 30 30 30 31 31 32 33 33 34 36 39 39 40 41 42 42 45 45 46 47 49 50
52 1748
2 2 3 3 4 4 5 5 5 6 6 6 8 8 9 13 13 15 16 16 16 18 19 20 22 22 23 23 25 25 28 28 29 29 29 30 30 32 33 33 36 36 37 38 39 40 41 41 46 47 48 51
54 192
54 32 48 10 2 18 11 36 9 41 11 15 49 8 15 39 28 29 6 15 6 19 46 37 14 24 16 11 31 46 51 17 37 41 24 13 30 3 25 44 13 50 10 43 9 13 51 30 20 29 36 15 10 6
71 4739
60 3 26 57 71 43 19 2 52 60 39 54 31 68 19 51 45 37 33 70 46 56 25 10 59 52 60 24 18 6 48 60 59 42 15 25 25 53 42 9 53 46 58 30 2 23 67 28 60 9 29 60 14 45 19 27 26 45 28 11 1 25 62 25 61 62 59 65 10 69 37
73 2587
3 4 5 6 8 8 11 12 13 14 15 15 16 16 17 18 19 19 21 23 24 24 24 25 27 27 28 29 29 30 32 33 33 35 38 38 38 39 40 40 41 41 42 42 44 46 46 48 48 49 51 52 53 54 55 57 60 60 62 63 66 66 66 67 67 67 68 70 71 72 72 73 73
75 3222
45 20 61 53 38 3 53 17 25 61 44 1 40 61 70 38 29 69 61 28 69 75 56 65 22 53 75 64 7 48 20 5 41 70 53 16 23 54 36 71 65 42 31 69 25 24 23 53 70 63 62 63 37 23 17 56 3 48 42 26 25 1 18 20 70 27 72 6 56 38 60 46 46 48 33
77 4427
68 48 26 72 3 37 19 17 13 42 57 32 40 20 29 34 33 68 74 72 2 23 68 15 14 5 33 8 58 21 26 30 72 9 16 68 43 62 68 19 3 18 62 54 65 2 19 50 22 28 3 28 28 6 6 24 25 70 32 41 74 63 54 69 62 67 42 45 42 53 9 14 66 68 17 10 76
79 6094
1 3 3 4 4 6 8 8 12 13 14 14 14 18 18 19 20 21 22 23 25 26 27 30 30 30 30 31 32 32 33 35 36 36 37 39 39 39 39 40 40 40 41 44 45 46 46 47 48 50 51 52 52 53 55 56 56 56 58 58 61 62 62 68 68 69 69 69 70 70 70 71 71 72 74 74 74 75 77
82 54
76 33 55 4 54 11 37 71 45 69 36 66 51 56 28 42 66 40 46 61 38 9 8 45 73 70 46 82 30 18 60 55 81 21 60 28 15 21 2 10 34 67 80 3 47 62 77 68 1 81 16 29 56 22 42 70 49 7 32 48 75 37 25 48 19 76 73 8 22 5 69 29 36 55 39 54 14 30 75 41 28 25
86 2709
50 69 48 16 75 82 79 71 13 12 34 3 42 49 38 44 86 86 15 37 86 24 17 6 76 66 86 66 11 64 37 32 78 28 32 66 79 35 84 85 2 61 47 56 81 66 71 47 7 74 26 47 22 46 34 19 56 23 44 82 75 7 25 14 16 20 29 29 81 79 64 28 18 54 67 81 54 33 57 10 63 30 22 50 35 31
90 2104
1 3 4 6 7 7 8 9 12 12 13 13 13 13 15 15 17 20 21 23 23 23 29 29 32 32 33 35 36 36 37 37 37 38 38 39 40 40 42 42 42 45 45 46 46 48 48 49 51 52 52 53 53 54 55 55 56 57 58 59 61 62 62 64 64 66 67 70 71 71 72 72 73 74 75 76 76 79 80 80 81 81 82 84 84 84 84 86 88 89
94 2302
76 15 74 15 75 54 68 92 55 19 6 53 15 23 7 77 55 51 2 42 60 49 56 66 66 64 43 37 3 19 75 42 66 89 67 47 25 8 45 34 41 74 67 49 33 38 80 56 7 63 67 11 1 23 32 58 83 88 69 54 62 15 52 34 57 41 38 89 37 13 36 80 2 71 54 71 80 70 70 26 80 35 13 46 2 43 38 37 43 6 49 76 21 89
98 4085
34 28 46 50 64 76 73 59 92 1 94 66 10 62 83 28 37 35 5 75 92 5 39 7 59 10 20 14 20 56 37 85 44 15 42 5 49 4 20 47 26 61 80 96 85 37 1 53 44 98 65 92 26 34 56 34 97 4 83 46 55 63 46 82 25 75 11 2 56 71 30 97 26 74 81 31 31 81 41 66 4 37 41 21 50 29 42 91 46 16 13 40 17 12 2 65 52 82
100 7460
1 1 1 1 1 2 2 2 3 4 8 9 9 9 9 11 11 12 16 18 19 19 20 21 23 28 28 29 30 33 33 34 34 35 37 37 38 39 40 45 47 49 50 51 52 53 53 53 53 54 55 55 55 55 57 58 58 59 61 61 62 63 65 67 68 70 71 71 71 71 73 74 74 75 77 77 81 82 82 82 83 84 87 88 89 89 90 90 90 92 93 93 95 95 95 96 97 97 100 100
100 8076
66 31 5 65 84 19 8 81 68 27 52 32 41 82 85 100 56 41 92 43 80 37 32 95 37 15 50 44 14 24 64 31 56 90 79 97 91 39 48 24 35 48 75 97 67 77 55 67 32 83 57 74 42 2 12 16 2 72 68 4 59 9 50 80 51 29 20 33 32 55 78 64 48 40 15 43 29 74 51 81 9 45 85 82 97 11 53 54 38 59 41 39 9 90 35 89 27 12 61 70
100 4307
28 4 38 29 1 6 37 100 15 47 54 79 15 69 86 51 42 11 22 62 49 7 17 90 69 28 97 89 55 18 47 54 87 3 69 26 76 66 77 62 71 82 91 26 97 53 43 19 70 17 23 85 28 31 41 12 88 66 37 68 19 63 10 35 22 59 42 13 30 68 7 82 46 31 16 95 80 1 84 30 40 68 53 83 2 93 60 91 49 100 28 56 14 20 44 45 27 51 97 32
100 2416
68 12 29 81 11 12 29 98 96 86 22 22 36 66 57 21 61 25 89 90 9 51 78 1 32 43 66 25 5 29 79 63 77 16 25 74 38 56 61 68 44 61 45 25 57 36 70 55 90 69 48 46 12 42 81 25 64 75 85 71 7 63 16 79 97 50 97 94 100 11 89 95 67 28 31 21 7 63 14 19 22 55 87 84 30 60 10 76 32 79 39 87 18 74 33 76 74 87 21 77
100 6809
66 39 57 42 51 83 82 98 4 10 13 15 64 39 6 55 57 71 28 40 40 39 28 34 35 13 64 49 6 18 56 84 100 31 88 65 31 21 77 9 74 5 84 86 76 75 43 83 7 98 35 76 78 9 14 55 69 1 30 10 28 51 61 98 50 11 3 19 12 41 8 25 47 7 98 67 50 83 27 41 75 54 7 51 24 17 61 84 29 4 14 1 12 96 58 55 11 57 29 42
